0. 0.009999999999999551
1. 0.010003412900259221
2. 0.010013668856277962
3. 0.01003081988166677
4. 0.010054953499251727
5. 0.010086194016354535
6. 0.010124704361544968
7. 0.010170688537322713
8. 0.01022439476292418
9. 0.010286119405595104
10. 0.010356211827523524
11. 0.01043508031157975
12. 0.010523199275029116
13. 0.010621118037987624
14. 0.010729471489699277
15. 0.01084899309416475
16. 0.010980530808127806
17. 0.011125066660486729
18. 0.011283740980426556
19. 0.011457882589053156
20. 0.011649046724222968
21. 0.011859063108931731
22. 0.012090097490108191
23. 0.012344731305687175
24. 0.01262606610568977
25. 0.012937862318356084
26. 0.013284726514919435
27. 0.013672368515681058
28. 0.014107961302260033
29. 0.014600656054608674
30. 0.015162337943398458
31. 0.015808767865606685
32. 0.01656136655506842
33. 0.01745011618859
34. 0.018518511363782575
35. 0.019832517556271783
36. 0.02149801772486119
37. 0.023698175193363823
38. 0.026784352144094505
39. 0.0315414003020118
40. 0.04020949719151937
41. 0.06246390078737223
42. 0.1280019906896199
43. 0.1964027672163816
44. 0.24958144721650308
45. 0.29375601642972865
46. 0.3321443200549834
47. 0.3664108377985726
48. 0.3975205767394196
49. 0.42608226506582636
50. 0.45250354711573293
51. 0.47706952461724483
52. 0.4999862821786179
53. 0.5214068761693975
54. 0.5414478752611027
55. 0.5602004921099479
56. 0.5777384391366897
57. 0.5941236744709602
58. 0.6094106851087253
59. 0.6236496680254692
60. 0.6368888159806021
61. 0.6491758413625257
62. 0.6605588472394677
63. 0.6710866569041684
64. 0.6808087237742716
65. 0.6897747498995234
66. 0.6980341369379303
67. 0.7056353774865699
68. 0.7126254704090129
69. 0.7190494163793846
70. 0.7249498240171045
71. 0.7303666359034441
72. 0.7353369687839197
73. 0.7398950532043662
74. 0.7440722536485243
75. 0.7478971495618003
76. 0.751395659142953
77. 0.7545911904051528
78. 0.7575048070037247
79. 0.7601553992345598
80. 0.7625598531758896
81. 0.7647332130766809
82. 0.7666888337784159
83. 0.768438521233778
84. 0.7699926601173177
85. 0.7713603281754974
86. 0.7725493973979184
87. 0.773566622360641
88. 0.7744177162391436
89. 0.7751074150461436
90. 0.7756395306436016
91. 0.7760169930274449
92. 0.776241882301195
93. 0.7763154506499527
94. 0.7762381345050999
95. 0.7760095569562929
96. 0.7756285203227936
97. 0.7750929886416723
98. 0.7744000596658733
99. 0.7735459257901689
100. 0.7725258231371951
101. 0.7713339678391056
102. 0.7699634783439153
103. 0.7684062823620937
104. 0.7666530068539353
105. 0.764692849251356
106. 0.7625134279247371
107. 0.7601006097705728
108. 0.7574383127450875
109. 0.7545082812546783
110. 0.7512898326085201
111. 0.7477595733395835
112. 0.7438910852337982
113. 0.7396545825272446
114. 0.7350165441111352
115. 0.7299393278912227
116. 0.7243807787923123
117. 0.7182938472411995
118. 0.7116262409698223
119. 0.7043201388226934
120. 0.6963119993513783
121. 0.6875324967894973
122. 0.6779066089525982
123. 0.6673538614077814
124. 0.65578869578862
125. 0.6431208749501763
126. 0.6292557647060326
127. 0.6140942462710292
128. 0.5975319227105228
129. 0.5794571905182608
130. 0.559747643556913
131. 0.5382641217549681
132. 0.5148414228304969
133. 0.48927408786563154
134. 0.4612944016060659
135. 0.43053704538461174
136. 0.39647879473637376
137. 0.35832694015961747
138. 0.31478985314187674
139. 0.26353565380119204
140. 0.19969433711048576
141. 0.1139574650388107
142. 0.0526403571533297
143. 0.03619440789739183
144. 0.02915779104568211
145. 0.025090739465251942
146. 0.022375124277425135
147. 0.02040415565435338
148. 0.018894123941773713
149. 0.017692680360334872
150. 0.01670984311518043
151. 0.015888634561730702
152. 0.015191005660859085
153. 0.014590459420901038
154. 0.014067906980959218
155. 0.013609206254444532
156. 0.013203631509454458
157. 0.0128428846706874
158. 0.012520435503920313
159. 0.012231068817849076
160. 0.0119705661056575
161. 0.011735476905577798
162. 0.011522951490149863
163. 0.011330616381491758
164. 0.011156480348894118
165. 0.010998862479976628
166. 0.010856336488966452
167. 0.010727687141576835
168. 0.010611875842672345
169. 0.01050801323992783
170. 0.010415337263150977
171. 0.010333195423169041
172. 0.010261030486489412
173. 0.010198368855149652
174. 0.010144811140700098
175. 0.010100024539650117
176. 0.010063736709029287
177. 0.01003573091072109
178. 0.010015842248156147
179. 0.010003954863557723