0.03 0. 2.2250657218900187
0.035 0. 1.7657233445491716
0.04 0. 1.445222580185037
0.045 0. 1.2111723695084549
0.05 0. 1.034117098211643
0.05 0. 1.034117098211643
0.051 0. 1.0038514744553197
0.052 0. 0.9750338874114483
0.053 0. 0.9475691674668746
0.054 0. 0.921370038620504
0.055 0. 0.8963563327672832
0.056 0. 0.8724542947665064
0.057 0. 0.8495959664026821
0.058 0. 0.8277186390822522
0.059 0. 0.806764366566361
0.06 0. 0.7866795302670863
0.061 0. 0.7674144506714383
0.062 0.1695 0.7489230393361054
0.063 0.283 0.7311624866426355
0.064 0.355 0.7140929811390697
0.065 0.4065 0.6976774568377198
0.066 0.445 0.681881365304511
0.067 0.476 0.666672469775266
0.068 0.5015 0.6520206588785792
0.069 0.527 0.6378977778419905
0.07 0.5425 0.6242774753150548
0.071 0.5605 0.611135064165547
0.072 0.5715 0.5984473947984044
0.073 0.5845 0.5861927397153075
0.074 0.595 0.5743506881795567
0.075 0.599 0.5629020499791385
0.076 0.611 0.5518287673931349
0.077 0.6165 0.5411138345650852
0.078 0.62 0.5307412235734114
0.079 0.6265 0.5206958165651526
0.08 0.6325 0.5109633433863793
0.081 0.6315 0.5015303242019257
0.082 0.634 0.49238401664951625
0.083 0.637 0.4835123671198036
0.084 0.6395 0.47490396579504185
0.085 0.645 0.4665480051157455
0.086 0.6415 0.4584342413772596
0.087 0.6425 0.4505529591872065
0.088 0.6435 0.44289493854069273
0.089 0.6445 0.4354514242932988
0.09 0.646 0.4282140978326036
0.091 0.646 0.42117505076754985
0.092 0.6455 0.4143267604716046
0.093 0.6455 0.40766206733062055
0.094 0.642 0.40117415355975694
0.095 0.6445 0.39485652346591016
0.096 0.64 0.3887029850430251
0.097 0.642 0.3827076327974997
0.098 0.6385 0.3768648317097823
0.099 0.6375 0.3711692022463086
0.1 0.636 0.3656156063432038
0.101 0.6365 0.3601991342897653
0.102 0.6345 0.3549150924457355
0.103 0.6325 0.3497589917317955
0.104 0.6335 0.3447265368376579
0.105 0.6285 0.33981361609662347
0.106 0.63 0.3350162919795592
0.107 0.628 0.33033079216498146
0.108 0.6255 0.32575350114533475
0.109 0.6245 0.321280952332651
0.11 0.6215 0.31690982062962575
0.111 0.621 0.3126369154347297
0.112 0.619 0.30845917405236173
0.113 0.618 0.3043736554812159
0.114 0.614 0.3003775345560373
0.115 0.6155 0.29646809641976973
0.116 0.613 0.2926427313047805
0.117 0.6095 0.28889892960339203
0.127 0.5905 0.25545778601004826
0.137 0.5755 0.22800473945990718
0.147 0.5585 0.20513923104196008
0.157 0.54 0.1858554268657249
0.167 0.526 0.16941428165594394
0.177 0.512 0.15526187473656217