0.035 0. 0.0005 1.7730804202765915
0.04 0. 1. 1.4512442550970335
0.045 0. 1. 1.2162188491106747
0.05 0. 1. 1.038425858032964
0.05 0. 1. 1.038425858032964
0.051 0. 1. 1.008034129308612
0.052 0. 1. 0.9790964706970071
0.053 0. 1. 0.951517316050594
0.054 0. 1. 0.9252090257234565
0.055 0. 1. 0.9000910975815326
0.056 0. 1. 0.8760894691754104
0.057 0. 1. 0.8531358991344038
0.058 0. 1. 0.8311674175828727
0.059 0. 1. 0.8101258368427411
0.06 0. 1. 0.7899573149184883
0.061 0. 1. 0.7706119653021051
0.062 0. 1. 0.752043507517836
0.063 0. 1. 0.734208953576362
0.064 0. 1. 0.717068326147039
0.065 0. 1. 0.7005844048027642
0.066 0. 1. 0.6847224971597069
0.067 0.154 1. 0.6694502321357534
0.068 0.2265 1. 0.6547373728972392
0.069 0.2815 1. 0.6405556473618245
0.07 0.3195 1. 0.6268785943833357
0.071 0.351 1. 0.613681423967963
0.072 0.3735 1. 0.6009408900653727
0.073 0.399 1. 0.5886351746472931
0.074 0.4185 1. 0.5767437819335001
0.075 0.4335 1. 0.5652474417539035
0.076 0.446 1. 0.5541280211481543
0.077 0.4565 1. 0.5433684434030662
0.078 0.469 1. 0.5329526138150065
0.079 0.478 1. 0.5228653515408589
0.08 0.4865 1. 0.5130923269685661
0.081 0.487 1. 0.5036200040977832
0.082 0.499 1. 0.4944355874738157
0.083 0.502 1. 0.48552697326465943
0.084 0.511 1. 0.47688270411233924
0.085 0.512 1. 0.46849192742651363
0.086 0.517 1. 0.4603443568210329
0.087 0.515 1. 0.45243023642329555
0.088 0.5245 0.8235 0.4447403078122683
0.089 0.5225 0.794 0.43726577936428335
0.09 0.5285 0.789 0.42999829780652826
0.091 0.527 0.7865 0.4229299217967869
0.092 0.53 0.7855 0.41605309736469487
0.093 0.528 0.7825 0.4093606350648052
0.094 0.533 0.783 0.4028456887052451
0.095 0.5275 0.7835 0.39650173552790846
0.096 0.5305 0.783 0.3903225577270832
0.097 0.5295 0.783 0.3843022252032946
0.098 0.529 0.7835 0.3784350794580772
0.099 0.5285 0.7825 0.3727157185434636
0.1 0.5325 0.7825 0.367138982987284
0.101 0.5315 0.782 0.3616999426220001
0.102 0.5275 0.782 0.35639388425079827
0.103 0.532 0.7805 0.3512163000901294
0.104 0.532 0.7795 0.34616287693283476
0.105 0.5295 0.766 0.34122948598051495
0.106 0.526 0.7785 0.33641217329789913
0.107 0.5275 0.765 0.33170715084572194
0.108 0.529 0.7645 0.32711078805202753
0.109 0.526 0.7635 0.3226196038849374
0.11 0.5245 0.7615 0.3182302593927721
0.111 0.521 0.762 0.31393955068001916
0.112 0.5245 0.761 0.3097444022900278
0.113 0.5215 0.7595 0.3056418609674943
0.114 0.5195 0.7595 0.3016290897758096
0.115 0.5195 0.758 0.2977033625461748
0.116 0.5155 0.755 0.2938620586370801
0.117 0.5165 0.7565 0.2901026579842984
0.127 0.502 0.749 0.2565221782788805
0.137 0.4885 0.7335 0.2289547456653501
0.147 0.476 0.7185 0.20599396565375497
0.157 0.4615 0.702 0.1866298134388107
0.167 0.4515 0.688 0.1701201644338416
0.177 0.437 0.6755 0.15590878999287583